201708301735 30.5444 -93.1278
201708311319 32.6975 -91.5244
201708311657 33.2425 -91.0400
201708311813 33.4253 -90.8531
201708311823 33.4447 -90.8169
201708311843 33.4836 -90.7447
201708312007 33.6469 -90.4414
201708312040 33.7111 -90.3222
201708312119 33.7869 -90.1814
201708312137 33.8291 -90.1164
201708312211 33.8881 -89.9936
201708312357 34.0942 -89.6108
201709010028 34.1622 -89.4911
201709010042 34.1933 -89.4367
201709010158 34.3622 -89.1411
201709010421 34.6800 -88.5850
201709010447 34.7378 -88.4839
